
Id: 638139004394304474Speed: 3.20
Target: X:-60360.1918753061 Y:-78715.305455653 Z:-61364.0031246584
Missile: X:-59599.3659653339 Y:-78001.034941433 Z:-61966.5989072066
Missile forward: X:0.651920676231384 Y:-0.18582421541214 Z:0.735165774822235
Missile up: X:-0.691729724407196 Y:-0.542929828166962 Z:0.476169347763062
Missile left: X:-0.31065958738327 Y:0.818960666656494 Z:0.482487380504608
Pitch: -1.50450
Yaw: 0.62769
Roll: NaN

Id: 638139004394304474Speed: 14.34
Target: X:-60360.1918753061 Y:-78715.305455653 Z:-61364.0031246584
Missile: X:-59600.430165318 Y:-78001.8987194877 Z:-61965.8717318368
Missile forward: X:0.658054351806641 Y:-0.178531646728516 Z:0.731498777866364
Missile up: X:-0.686485230922699 Y:-0.541383564472198 Z:0.485428631305695
Missile left: X:-0.309357464313507 Y:0.821601986885071 Z:0.478819042444229
Pitch: -1.51446
Yaw: 0.74900
Roll: NaN

Id: 638139004394304474Speed: 25.47
Target: X:-60360.1918753061 Y:-78715.305455653 Z:-61364.0031246584
Missile: X:-59602.7632786307 Y:-78003.7627614718 Z:-61964.2416184884
Missile forward: X:0.677797913551331 Y:-0.160335958003998 Z:0.717552840709686
Missile up: X:-0.670397996902466 Y:-0.535525858402252 Z:0.513593256473541
Missile left: X:-0.301920890808105 Y:0.829158663749695 Z:0.470467209815979
Pitch: -1.54456
Yaw: 1.19201
Roll: NaN

Id: 638139004394304474Speed: 36.60
Target: X:-60360.1918753061 Y:-78715.305455653 Z:-61364.0031246584
Missile: X:-59606.3343228671 Y:-78006.6160645764 Z:-61961.6580137354
Missile forward: X:0.709105730056763 Y:-0.13285505771637 Z:0.692472696304321
Missile up: X:-0.644125640392303 Y:-0.521559715270996 Z:0.559532999992371
Missile left: X:-0.286829352378845 Y:0.842807650566101 Z:0.455416262149811
Pitch: -1.54847
Yaw: 1.33160
Roll: NaN

Id: 638139004394304474Speed: 47.69
Target: X:-60360.1918753061 Y:-78715.305455653 Z:-61364.0031246584
Missile: X:-59611.0938676271 Y:-78010.4318317901 Z:-61958.0372140747
Missile forward: X:0.74932336807251 Y:-0.098101794719696 Z:0.654897153377533
Missile up: X:-0.607653737068176 Y:-0.494929522275925 Z:0.621128976345062
Missile left: X:-0.26319432258606 Y:0.863377451896667 Z:0.430474162101746
Pitch: -1.48310
Yaw: 0.98574
Roll: NaN

Id: 638139004394304474Speed: 58.70
Target: X:-60360.1918753061 Y:-78715.305455653 Z:-61364.0031246584
Missile: X:-59616.9746138725 Y:-78015.1599841695 Z:-61953.2670205277
Missile forward: X:0.797457456588745 Y:-0.0570767521858215 Z:0.600669205188751
Missile up: X:-0.556740880012512 Y:-0.453368246555328 Z:0.696057617664337
Missile left: X:-0.232595920562744 Y:0.889493703842163 Z:0.393318831920624
Pitch: -1.39837
Yaw: 0.83182
Roll: NaN

Id: 638139004394304474Speed: 69.54
Target: X:-60360.1918753061 Y:-78715.305455653 Z:-61364.0031246584
Missile: X:-59623.880813134 Y:-78020.7227958124 Z:-61947.2106794607
Missile forward: X:0.853598713874817 Y:-0.00984269380569458 Z:0.520837664604187
Missile up: X:-0.482110410928726 Y:-0.393657207489014 Z:0.782689452171326
Missile left: X:-0.197328150272369 Y:0.919204354286194 Z:0.34077051281929
Pitch: -1.28573
Yaw: 0.74705
Roll: NaN

Id: 638139004394304474Speed: 80.07
Target: X:-60360.1918753061 Y:-78715.305455653 Z:-61364.0031246584
Missile: X:-59631.6713133279 Y:-78027.0097065996 Z:-61939.7125872266
Missile forward: X:0.915820777416229 Y:0.0423089265823364 Z:0.399351626634598
Missile up: X:-0.3684261739254 Y:-0.307171434164047 Z:0.877443373203278
Missile left: X:-0.159793674945831 Y:0.950712978839874 Z:0.265726238489151
Pitch: -1.12856
Yaw: 0.69005
Roll: NaN

Id: 638139004394304474Speed: 89.97
Target: X:-60360.1918753061 Y:-78715.305455653 Z:-61364.0031246584
Missile: X:-59640.137105209 Y:-78033.8593811821 Z:-61930.6037883353
Missile forward: X:0.969754874706268 Y:0.0883888602256775 Z:0.227514237165451
Missile up: X:-0.208469301462173 Y:-0.184866517782211 Z:0.960398137569427
Missile left: X:-0.126948475837708 Y:0.978780686855316 Z:0.160848826169968
Pitch: -0.91614
Yaw: 0.65583
Roll: NaN

Id: 638139004394304474Speed: 99.03
Target: X:-60360.1918753061 Y:-78715.305455653 Z:-61364.0031246584
Missile: X:-59649.0054075803 Y:-78041.0601839535 Z:-61919.7246558987
Missile forward: X:0.991584539413452 Y:0.108211755752563 Z:0.0710642635822296
Missile up: X:-0.0648211464285851 Y:-0.0601613186299801 Z:0.996081531047821
Missile left: X:-0.112063229084015 Y:0.992305755615234 Z:0.0526406206190586
Pitch: -0.71411
Yaw: 0.64877
Roll: NaN

Id: 638139004394304474Speed: 100.00
Target: X:-60360.1918753061 Y:-78715.305455653 Z:-61364.0031246584
Missile: X:-59657.6892043046 Y:-78048.1203805637 Z:-61907.452461584
Missile forward: X:0.992714047431946 Y:0.108389437198639 Z:-0.0526362732052803
Missile up: X:0.0462287627160549 Y:0.0608044564723969 Z:0.997078597545624
Missile left: X:-0.111273288726807 Y:0.992247223854065 Z:-0.0553507246077061
Pitch: -0.53100
Yaw: 0.65557
Roll: NaN

Id: 638139004394304474Speed: 100.00
Target: X:-60360.1918753061 Y:-78715.305455653 Z:-61364.0031246584
Missile: X:-59665.6392905313 Y:-78054.5388272088 Z:-61894.351147708
Missile forward: X:0.984693765640259 Y:0.0974916815757751 Z:-0.144474923610687
Missile up: X:0.125584319233894 Y:0.177915215492249 Z:0.975998878479004
Missile left: X:-0.120856583118439 Y:0.979204297065735 Z:-0.162948593497276
Pitch: -0.36246
Yaw: 0.66696
Roll: NaN

Id: 638139004394304474Speed: 100.00
Target: X:-60360.1918753061 Y:-78715.305455653 Z:-61364.0031246584
Missile: X:-59672.8035392735 Y:-78060.1832095515 Z:-61880.4604016882
Missile forward: X:0.974974632263184 Y:0.0825484395027161 Z:-0.206421688199043
Missile up: X:0.174547135829926 Y:0.290816456079483 Z:0.940722286701202
Missile left: X:-0.137686371803284 Y:0.953210949897766 Z:-0.269130080938339
Pitch: -0.20798
Yaw: 0.67776
Roll: NaN

Id: 638139004394304474Speed: 100.00
Target: X:-60360.1918753061 Y:-78715.305455653 Z:-61364.0031246584
Missile: X:-59679.1670155499 Y:-78064.9227557164 Z:-61865.8579201293
Missile forward: X:0.967828810214996 Y:0.0694447159767151 Z:-0.241835817694664
Missile up: X:0.195255041122437 Y:0.398908615112305 Z:0.895961403846741
Missile left: X:-0.158690512180328 Y:0.914357244968414 Z:-0.372515857219696
Pitch: -0.06920
Yaw: 0.68430
Roll: NaN

Id: 638139004394304474Speed: 100.00
Target: X:-60360.1918753061 Y:-78715.305455653 Z:-61364.0031246584
Missile: X:-59684.7566946346 Y:-78068.6338413637 Z:-61850.6520518702
Missile forward: X:0.965148091316223 Y:0.0633246898651123 Z:-0.253926753997803
Missile up: X:0.189303830265999 Y:0.501030445098877 Z:0.844471395015717
Missile left: X:-0.180701315402985 Y:0.863109588623047 Z:-0.471581041812897
Pitch: 0.05006
Yaw: 0.68397
Roll: NaN

Id: 638139004394304474Speed: 100.00
Target: X:-60360.1918753061 Y:-78715.305455653 Z:-61364.0031246584
Missile: X:-59689.6345379773 Y:-78071.2050117832 Z:-61834.9718600553
Missile forward: X:0.966242969036102 Y:0.0668925642967224 Z:-0.248796731233597
Missile up: X:0.161436885595322 Y:0.595394611358643 Z:0.787047207355499
Missile left: X:-0.200779914855957 Y:0.800643861293793 Z:-0.564496994018555
Pitch: 0.14870
Yaw: 0.67502
Roll: NaN

Id: 638139004394304474Speed: 100.00
Target: X:-60360.1918753061 Y:-78715.305455653 Z:-61364.0031246584
Missile: X:-59693.8943494979 Y:-78072.5439280551 Z:-61818.9603630793
Missile forward: X:0.969428181648254 Y:0.0817028880119324 Z:-0.231371775269508
Missile up: X:0.115565627813339 Y:0.679776787757874 Z:0.724256217479706
Missile left: X:-0.216455578804016 Y:0.728853583335876 Z:-0.649552941322327
Pitch: 0.22557
Yaw: 0.65690
Roll: NaN

Id: 638139004394304474Speed: 100.00
Target: X:-60360.1918753061 Y:-78715.305455653 Z:-61364.0031246584
Missile: X:-59697.6537201974 Y:-78072.5839223247 Z:-61802.7679109019
Missile forward: X:0.972527742385864 Y:0.10773241519928 Z:-0.206357300281525
Missile up: X:0.0560552477836609 Y:0.752000629901886 Z:0.656774401664734
Missile left: X:-0.225936889648438 Y:0.650298833847046 Z:-0.725302577018738
Pitch: 0.28123
Yaw: 0.63017
Roll: NaN

Id: 638139004394304474Speed: 100.00
Target: X:-60360.1918753061 Y:-78715.305455653 Z:-61364.0031246584
Missile: X:-59701.0483618799 Y:-78071.2866015714 Z:-61786.5456691128
Missile forward: X:0.973514139652252 Y:0.143636405467987 Z:-0.17787230014801
Missile up: X:-0.0125632584095001 Y:0.810437858104706 Z:0.585689604282379
Missile left: X:-0.228281021118164 Y:0.567942678928375 Z:-0.790777325630188
Pitch: 0.31774
Yaw: 0.59640
Roll: NaN

Id: 638139004394304474Speed: 100.00
Target: X:-60360.1918753061 Y:-78715.305455653 Z:-61364.0031246584
Missile: X:-59704.2213549438 Y:-78068.6432233434 Z:-61770.4403923493
Missile forward: X:0.970927000045776 Y:0.187205016613007 Z:-0.14917927980423
Missile up: X:-0.0859864056110382 Y:0.854366719722748 Z:0.512506783008575
Missile left: X:-0.223398089408875 Y:0.484779596328735 Z:-0.845625042915344
Pitch: 0.33806
Yaw: 0.55774
Roll: NaN

Id: 638139004394304474Speed: 100.00
Target: X:-60360.1918753061 Y:-78715.305455653 Z:-61364.0031246584
Missile: X:-59707.3151551012 Y:-78064.6748712491 Z:-61754.5916689229
Missile forward: X:0.964023470878601 Y:0.235865533351898 Z:-0.122581541538239
Missile up: X:-0.160490095615387 Y:0.884069502353668 Z:0.438935190439224
Missile left: X:-0.211900264024734 Y:0.403470665216446 Z:-0.890117824077606
Pitch: 0.34547
Yaw: 0.51654
Roll: NaN

Id: 638139004394304474Speed: 100.00
Target: X:-60360.1918753061 Y:-78715.305455653 Z:-61364.0031246584
Missile: X:-59710.4638333592 Y:-78059.4283067714 Z:-61739.1279283207
Missile forward: X:0.952719449996948 Y:0.287104487419128 Z:-0.0994788408279419
Missile up: X:-0.233144342899323 Y:0.900686979293823 Z:0.366614043712616
Missile left: X:-0.194856345653534 Y:0.3260877430439 Z:-0.925039112567902
Pitch: 0.34311
Yaw: 0.47491
Roll: NaN

Id: 638139004394304474Speed: 100.00
Target: X:-60360.1918753061 Y:-78715.305455653 Z:-61364.0031246584
Missile: X:-59713.7902754072 Y:-78052.974089561 Z:-61724.163534705
Missile forward: X:0.937422156333923 Y:0.338755011558533 Z:-0.0805262923240662
Missile up: X:-0.301871508359909 Y:0.905934870243073 Z:0.29690957069397
Missile left: X:-0.173531413078308 Y:0.254021167755127 Z:-0.951503992080688
Pitch: 0.33377
Yaw: 0.43448
Roll: NaN

Id: 638139004394304474Speed: 100.00
Target: X:-60360.1918753061 Y:-78715.305455653 Z:-61364.0031246584
Missile: X:-59717.399821845 Y:-78045.3985651266 Z:-61709.7998573226
Missile forward: X:0.918827533721924 Y:0.389129102230072 Z:-0.0658328831195831
Missile up: X:-0.365376651287079 Y:0.901790380477905 Z:0.230810642242432
Missile left: X:-0.149182975292206 Y:0.188021570444107 Z:-0.970768749713898
Pitch: 0.31978
Yaw: 0.39631
Roll: NaN

Id: 638139004394304474Speed: 100.00
Target: X:-60360.1918753061 Y:-78715.305455653 Z:-61364.0031246584
Missile: X:-59721.3801049713 Y:-78036.8015604001 Z:-61696.1238857698
Missile forward: X:0.897747874259949 Y:0.437042534351349 Z:-0.0551535487174988
Missile up: X:-0.423008620738983 Y:0.890238583087921 Z:0.168932944536209
Missile left: X:-0.122931152582169 Y:0.128329038619995 Z:-0.984082877635956
Pitch: 0.30298
Yaw: 0.36099
Roll: NaN

Id: 638139004394304474Speed: 100.00
Target: X:-60360.1918753061 Y:-78715.305455653 Z:-61364.0031246584
Missile: X:-59725.8010465178 Y:-78027.2908562254 Z:-61683.2064630282
Missile forward: X:0.874984979629517 Y:0.48175972700119 Z:-0.0480459034442902
Missile up: X:-0.47459676861763 Y:0.873102784156799 Z:0.111575692892075
Missile left: X:-0.0957019031047821 Y:0.0748247802257538 Z:-0.9925936460495
Pitch: 0.28478
Yaw: 0.32870
Roll: NaN

Id: 638139004394304474Speed: 100.00
Target: X:-60360.1918753061 Y:-78715.305455653 Z:-61364.0031246584
Missile: X:-59730.7150359574 Y:-78016.9789811205 Z:-61671.1048076045
Missile forward: X:0.851252794265747 Y:0.522909104824066 Z:-0.0439858436584473
Missile up: X:-0.520302534103394 Y:0.851955413818359 Z:0.0587973892688751
Missile left: X:-0.0682196915149689 Y:0.0271655023097992 Z:-0.997300386428833
Pitch: 0.26621
Yaw: 0.29941
Roll: NaN

Id: 638139004394304474Speed: 100.00
Target: X:-60360.1918753061 Y:-78715.305455653 Z:-61364.0031246584
Missile: X:-59736.1582322765 Y:-78005.9794728439 Z:-61659.8634643969
Missile forward: X:0.8271404504776 Y:0.560389637947083 Z:-0.0424427390098572
Missile up: X:-0.560495316982269 Y:0.828090846538544 Z:0.0104933828115463
Missile left: X:-0.0410272032022476 Y:-0.0151092410087585 Z:-0.999043524265289
Pitch: 0.24798
Yaw: 0.27292
Roll: NaN

Id: 638139004394304474Speed: 100.00
Target: X:-60360.1918753061 Y:-78715.305455653 Z:-61364.0031246584
Missile: X:-59742.1522209618 Y:-77994.4034156334 Z:-61649.5141452294
Missile forward: X:0.803105473518372 Y:0.594288229942322 Z:-0.0429239273071289
Missile up: X:-0.595659732818604 Y:0.802536010742188 Z:-0.033541738986969
Missile left: X:-0.0145148634910583 Y:-0.0525054633617401 Z:-0.998515009880066
Pitch: 0.23059
Yaw: 0.24900
Roll: NaN

Id: 638139004394304474Speed: 100.00
Target: X:-60360.1918753061 Y:-78715.305455653 Z:-61364.0031246584
Missile: X:-59748.7067012909 Y:-77982.359922586 Z:-61640.0749177527
Missile forward: X:0.77948009967804 Y:0.624808490276337 Z:-0.0449965596199036
Missile up: X:-0.626329362392426 Y:0.776078879833221 Z:-0.0735720098018646
Missile left: X:0.0110473334789276 Y:-0.0855305194854736 Z:-0.996274173259735
Pitch: 0.21433
Yaw: 0.22737
Roll: NaN

Id: 638139004394304474Speed: 100.00
Target: X:-60360.1918753061 Y:-78715.305455653 Z:-61364.0031246584
Missile: X:-59755.819044118 Y:-77969.9515575152 Z:-61631.5555493948
Missile forward: X:0.756489336490631 Y:0.65222042798996 Z:-0.0482946634292603
Missile up: X:-0.653042793273926 Y:0.749306499958038 Z:-0.109885588288307
Missile left: X:0.0354820936918259 Y:-0.114665746688843 Z:-0.992770314216614
Pitch: 0.19937
Yaw: 0.20778
Roll: NaN

Id: 638139004394304474Speed: 100.00
Target: X:-60360.1918753061 Y:-78715.305455653 Z:-61364.0031246584
Missile: X:-59763.4802071239 Y:-77957.2741965335 Z:-61623.9545788061
Missile forward: X:0.734270215034485 Y:0.676822483539581 Z:-0.0525184869766235
Missile up: X:-0.676316142082214 Y:0.722642064094543 Z:-0.142775028944016
Missile left: X:0.0586811080574989 Y:-0.140354514122009 Z:-0.98836076259613
Pitch: 0.18577
Yaw: 0.18999
Roll: NaN

Id: 638139004394304474Speed: 100.00
Target: X:-60360.1918753061 Y:-78715.305455653 Z:-61364.0031246584
Missile: X:-59771.6730893563 Y:-77944.4162029307 Z:-61617.2627528947
Missile forward: X:0.712892651557922 Y:0.698917329311371 Z:-0.0574290454387665
Missile up: X:-0.696627140045166 Y:0.696380496025085 Z:-0.17252391576767
Missile left: X:0.0805872604250908 Y:-0.162997603416443 Z:-0.983329653739929
Pitch: 0.17354
Yaw: 0.17380
Roll: NaN

Id: 638139004394304474Speed: 100.00
Target: X:-60360.1918753061 Y:-78715.305455653 Z:-61364.0031246584
Missile: X:-59780.3752661768 Y:-77931.4588534366 Z:-61611.4625728917
Missile forward: X:0.692375063896179 Y:0.718795955181122 Z:-0.0628379285335541
Missile up: X:-0.714407861232758 Y:0.670716166496277 Z:-0.199401408433914
Missile left: X:0.101182252168655 Y:-0.182952374219894 Z:-0.977900922298431
Pitch: 0.16262
Yaw: 0.15904
Roll: NaN

Id: 638139004394304474Speed: 100.00
Target: X:-60360.1918753061 Y:-78715.305455653 Z:-61364.0031246584
Missile: X:-59789.5612384539 Y:-77918.4741004538 Z:-61606.5307573867
Missile forward: X:0.672699928283691 Y:0.736728072166443 Z:-0.068601131439209
Missile up: X:-0.73004162311554 Y:0.645768523216248 Z:-0.223655968904495
Missile left: X:0.120472989976406 Y:-0.200534969568253 Z:-0.972250819206238
Pitch: 0.15294
Yaw: 0.14554
Roll: NaN

Id: 638139004394304474Speed: 100.00
Target: X:-60360.1918753061 Y:-78715.305455653 Z:-61364.0031246584
Missile: X:-59799.2019837249 Y:-77905.5261365082 Z:-61602.439006519
Missile forward: X:0.653825759887695 Y:0.752957105636597 Z:-0.0746101140975952
Missile up: X:-0.743863701820374 Y:0.621601283550262 Z:-0.245516434311867
Missile left: X:0.138485297560692 Y:-0.216024622321129 Z:-0.966516733169556
Pitch: 0.14441
Yaw: 0.13318
Roll: NaN

Id: 638139004394304474Speed: 100.00
Target: X:-60360.1918753061 Y:-78715.305455653 Z:-61364.0031246584
Missile: X:-59809.2684040565 Y:-77892.6710225251 Z:-61599.1547636282
Missile forward: X:0.635695993900299 Y:0.76770031452179 Z:-0.0807834565639496
Missile up: X:-0.756164193153381 Y:0.598237752914429 Z:-0.265192419290543
Missile left: X:0.155260279774666 Y:-0.229667231440544 Z:-0.960805177688599
Pitch: 0.13694
Yaw: 0.12184
Roll: NaN

Id: 638139004394304474Speed: 100.00
Target: X:-60360.1918753061 Y:-78715.305455653 Z:-61364.0031246584
Missile: X:-59819.7303757492 Y:-77879.9572909977 Z:-61596.6414751452
Missile forward: X:0.618245720863342 Y:0.781147837638855 Z:-0.0870624035596848
Missile up: X:-0.7671919465065 Y:0.575672745704651 Z:-0.282873123884201
Missile left: X:0.17084613442421 Y:-0.241678640246391 Z:-0.955197751522064
Pitch: 0.13040
Yaw: 0.11143
Roll: NaN

Id: 638139004394304474Speed: 100.00
Target: X:-60360.1918753061 Y:-78715.305455653 Z:-61364.0031246584
Missile: X:-59830.5579867784 Y:-77867.4260696452 Z:-61594.8620306593
Missile forward: X:0.601406395435333 Y:0.793464004993439 Z:-0.0934047549962997
Missile up: X:-0.777158260345459 Y:0.553881406784058 Z:-0.298730701208115
Missile left: X:0.185296624898911 Y:-0.252248764038086 Z:-0.949755311012268
Pitch: 0.12472
Yaw: 0.10186
Roll: NaN

Id: 638139004394304474Speed: 100.00
Target: X:-60360.1918753061 Y:-78715.305455653 Z:-61364.0031246584
Missile: X:-59841.7225296024 Y:-77855.1119461488 Z:-61593.7765805614
Missile forward: X:0.585110187530518 Y:0.804791510105133 Z:-0.0997808277606964
Missile up: X:-0.786241769790649 Y:0.532826900482178 Z:-0.312920361757278
Missile left: X:0.198669582605362 Y:-0.261544734239578 Z:-0.944523453712463
Pitch: 0.11978
Yaw: 0.09305
Roll: NaN

Id: 638139004394304474Speed: 100.00
Target: X:-60360.1918753061 Y:-78715.305455653 Z:-61364.0031246584
Missile: X:-59853.1967532087 Y:-77843.0435776245 Z:-61593.3444995326
Missile forward: X:0.569291472434998 Y:0.815251171588898 Z:-0.106170654296875
Missile up: X:-0.794591784477234 Y:0.512463927268982 Z:-0.325583338737488
Missile left: X:0.21102337539196 Y:-0.269714087247849 Z:-0.939533472061157
Pitch: 0.11551
Yaw: 0.08494
Roll: NaN

Id: 638139004394304474Speed: 100.00
Target: X:-60360.1918753061 Y:-78715.305455653 Z:-61364.0031246584
Missile: X:-59864.9551149208 Y:-77831.2443139087 Z:-61593.5258644563
Missile forward: X:0.553888738155365 Y:0.824946761131287 Z:-0.112560421228409
Missile up: X:-0.802332580089569 Y:0.492743700742722 Z:-0.336847007274628
Missile left: X:0.222417309880257 Y:-0.276886641979218 Z:-0.934807002544403
Pitch: 0.11181
Yaw: 0.07748
Roll: NaN

Id: 638139004394304474Speed: 100.00
Target: X:-60360.1918753061 Y:-78715.305455653 Z:-61364.0031246584
Missile: X:-59876.9737843994 Y:-77819.7325663101 Z:-61594.2807264519
Missile forward: X:0.538844704627991 Y:0.83396577835083 Z:-0.118941396474838
Missile up: X:-0.809567630290985 Y:0.473615556955338 Z:-0.34682622551918
Missile left: X:0.232908576726913 Y:-0.28317654132843 Z:-0.930357158184052
Pitch: 0.10862
Yaw: 0.07061
Roll: NaN

Id: 638139004394304474Speed: 100.00
Target: X:-60360.1918753061 Y:-78715.305455653 Z:-61364.0031246584
Missile: X:-59889.2304049927 Y:-77808.5221822392 Z:-61595.5691188317
Missile forward: X:0.524108231067657 Y:0.842382192611694 Z:-0.125307962298393
Missile up: X:-0.816380858421326 Y:0.455029845237732 Z:-0.355626076459885
Missile left: X:0.24255396425724 Y:-0.288685530424118 Z:-0.92618989944458
Pitch: 0.10586
Yaw: 0.06429
Roll: NaN

Id: 638139004394304474Speed: 100.00
Target: X:-60360.1918753061 Y:-78715.305455653 Z:-61364.0031246584
Missile: X:-59901.7053148422 Y:-77797.6240382325 Z:-61597.3539891285
Missile forward: X:0.509633243083954 Y:0.850258529186249 Z:-0.131657093763351
Missile up: X:-0.822841286659241 Y:0.436938673257828 Z:-0.363340795040131
Missile left: X:0.251407265663147 Y:-0.293503403663635 Z:-0.922306656837463
Pitch: 0.10349
Yaw: 0.05847
Roll: NaN

Id: 638139004394304474Speed: 100.00
Target: X:-60360.1918753061 Y:-78715.305455653 Z:-61364.0031246584
Missile: X:-59914.3800806675 Y:-77787.0455566328 Z:-61599.5975461048
Missile forward: X:0.495378643274307 Y:0.857647180557251 Z:-0.137985974550247
Missile up: X:-0.829003810882568 Y:0.419295758008957 Z:-0.370058476924896
Missile left: X:0.259522259235382 Y:-0.297709912061691 Z:-0.918703556060791
Pitch: 0.10143
Yaw: 0.05311
Roll: NaN

Id: 638139004394304474Speed: 100.00
Target: X:-60360.1918753061 Y:-78715.305455653 Z:-61364.0031246584
Missile: X:-59927.2387237969 Y:-77776.7914440613 Z:-61602.2649163645
Missile forward: X:0.48130875825882 Y:0.864592611789703 Z:-0.144293680787086
Missile up: X:-0.834913015365601 Y:0.402058839797974 Z:-0.375857204198837
Missile left: X:0.26694855093956 Y:-0.301376044750214 Z:-0.915374398231506
Pitch: 0.09966
Yaw: 0.04818
Roll: NaN

Id: 638139004394304474Speed: 100.00
Target: X:-60360.1918753061 Y:-78715.305455653 Z:-61364.0031246584
Missile: X:-59940.2674712512 Y:-77766.8645479959 Z:-61605.3226879132
Missile forward: X:0.467392027378082 Y:0.871131718158722 Z:-0.150579020380974
Missile up: X:-0.840603590011597 Y:0.385188043117523 Z:-0.380809187889099
Missile left: X:0.273733675479889 Y:-0.304564416408539 Z:-0.912310361862183
Pitch: 0.09813
Yaw: 0.04365
Roll: NaN

Id: 638139004394304474Speed: 100.00
Target: X:-60360.1918753061 Y:-78715.305455653 Z:-61364.0031246584
Missile: X:-59953.4528030578 Y:-77757.2658609282 Z:-61608.7386654508
Missile forward: X:0.453600645065308 Y:0.877295136451721 Z:-0.156840711832047
Missile up: X:-0.84610253572464 Y:0.368646770715714 Z:-0.384980291128159
Missile left: X:0.279922276735306 Y:-0.30733060836792 Z:-0.909500420093536
Pitch: 0.09680
Yaw: 0.03948
Roll: NaN

Id: 638139004394304474Speed: 100.00
Target: X:-60360.1918753061 Y:-78715.305455653 Z:-61364.0031246584
Missile: X:-59966.7831639919 Y:-77747.995016424 Z:-61612.4826023173
Missile forward: X:0.439911425113678 Y:0.88310968875885 Z:-0.163077846169472
Missile up: X:-0.851430773735046 Y:0.352402091026306 Z:-0.38843035697937
Missile left: X:0.285557389259338 Y:-0.309724450111389 Z:-0.906932830810547
Pitch: 0.09564
Yaw: 0.03566
Roll: NaN

Id: 638139004394304474Speed: 100.00
Target: X:-60360.1918753061 Y:-78715.305455653 Z:-61364.0031246584
Missile: X:-59980.2484723303 Y:-77739.0504076611 Z:-61616.5252274018
Missile forward: X:0.426304578781128 Y:0.888597071170807 Z:-0.169288963079453
Missile up: X:-0.856603384017944 Y:0.336424142122269 Z:-0.391214966773987
Missile left: X:0.290679275989532 Y:-0.311790227890015 Z:-0.904594779014587
Pitch: 0.09463
Yaw: 0.03215
Roll: NaN

Id: 638139004394304474Speed: 100.00
Target: X:-60360.1918753061 Y:-78715.305455653 Z:-61364.0031246584
Missile: X:-59993.8398752335 Y:-77730.4291939419 Z:-61620.8404408437
Missile forward: X:0.412763297557831 Y:0.893775939941406 Z:-0.175472542643547
Missile up: X:-0.861631512641907 Y:0.320686280727386 Z:-0.393384426832199
Missile left: X:0.29532578587532 Y:-0.313567340373993 Z:-0.902473211288452
Pitch: 0.09374
Yaw: 0.02893
Roll: NaN

Id: 638139004394304474Speed: 100.00
Target: X:-60360.1918753061 Y:-78715.305455653 Z:-61364.0031246584
Missile: X:-60007.549991158 Y:-77722.1285205167 Z:-61625.4031181973
Missile forward: X:0.399273157119751 Y:0.898661375045776 Z:-0.181626737117767
Missile up: X:-0.866522371768951 Y:0.305164098739624 Z:-0.394985616207123
Missile left: X:0.299532234668732 Y:-0.315090775489807 Z:-0.900554239749908
Pitch: 0.09296
Yaw: 0.02599
Roll: NaN

Id: 638139004394304474Speed: 100.00
Target: X:-60360.1918753061 Y:-78715.305455653 Z:-61364.0031246584
Missile: X:-60021.3721787605 Y:-77714.144546492 Z:-61630.1891101044
Missile forward: X:0.385822385549545 Y:0.903266370296478 Z:-0.187749564647675
Missile up: X:-0.87128072977066 Y:0.289836168289185 Z:-0.39606124162674
Missile left: X:0.303331851959229 Y:-0.316391855478287 Z:-0.898824393749237
Pitch: 0.09226
Yaw: 0.02329
Roll: NaN

Id: 638139004394304474Speed: 100.00
Target: X:-60360.1918753061 Y:-78715.305455653 Z:-61364.0031246584
Missile: X:-60035.3000474397 Y:-77706.4733020049 Z:-61635.1769510549
Missile forward: X:0.37240144610405 Y:0.907602608203888 Z:-0.193839058279991
Missile up: X:-0.875909328460693 Y:0.274683624505997 Z:-0.396650224924088
Missile left: X:0.306756049394608 Y:-0.317498534917831 Z:-0.897270679473877
Pitch: 0.09164
Yaw: 0.02082
Roll: NaN

Id: 638139004394304474Speed: 100.00
Target: X:-60360.1918753061 Y:-78715.305455653 Z:-61364.0031246584
Missile: X:-60049.3279424283 Y:-77699.1105640512 Z:-61640.3459090632
Missile forward: X:0.359001994132996 Y:0.911679625511169 Z:-0.199892491102219
Missile up: X:-0.880408823490143 Y:0.259689152240753 Z:-0.396789193153381
Missile left: X:0.309834480285645 Y:-0.318435192108154 Z:-0.895880043506622
Pitch: 0.09108
Yaw: 0.01856
Roll: NaN

Id: 638139004394304474Speed: 100.00
Target: X:-60360.1918753061 Y:-78715.305455653 Z:-61364.0031246584
Missile: X:-60063.4519250366 Y:-77692.0522233229 Z:-61645.6762259048
Missile forward: X:0.345617890357971 Y:0.915504932403564 Z:-0.205907613039017
Missile up: X:-0.884778201580048 Y:0.244837939739227 Z:-0.396511793136597
Missile left: X:0.312594175338745 Y:-0.319224119186401 Z:-0.894639670848846
Pitch: 0.09058
Yaw: 0.01650
Roll: NaN

Id: 638139004394304474Speed: 100.00
Target: X:-60360.1918753061 Y:-78715.305455653 Z:-61364.0031246584
Missile: X:-60077.667572451 Y:-77685.2936806958 Z:-61651.1508282018
Missile forward: X:0.332244068384171 Y:0.919086337089539 Z:-0.211881995201111
Missile up: X:-0.889016687870026 Y:0.230117112398148 Z:-0.395847767591476
Missile left: X:0.315060526132584 Y:-0.319884687662125 Z:-0.893538177013397
Pitch: 0.09012
Yaw: 0.01462
Roll: NaN

Id: 638139004394304474Speed: 100.00
Target: X:-60360.1918753061 Y:-78715.305455653 Z:-61364.0031246584
Missile: X:-60091.9707089338 Y:-77678.8304487374 Z:-61656.7521545183
Missile forward: X:0.318876475095749 Y:0.922428727149963 Z:-0.217812910676003
Missile up: X:-0.893121242523193 Y:0.21551488339901 Z:-0.394826114177704
Missile left: X:0.31725686788559 Y:-0.320434123277664 Z:-0.892563581466675
Pitch: 0.08969
Yaw: 0.01291
Roll: NaN

Id: 638139004394304474Speed: 100.00
Target: X:-60360.1918753061 Y:-78715.305455653 Z:-61364.0031246584
Missile: X:-60106.3583841595 Y:-77672.6585295927 Z:-61662.4653275651
Missile forward: X:0.305512398481369 Y:0.925538063049316 Z:-0.223697811365128
Missile up: X:-0.89708936214447 Y:0.201021373271942 Z:-0.393472731113434
Missile left: X:0.319205701351166 Y:-0.320887714624405 Z:-0.891705274581909
Pitch: 0.08929
Yaw: 0.01135
Roll: NaN

Id: 638139004394304474Speed: 100.00
Target: X:-60360.1918753061 Y:-78715.305455653 Z:-61364.0031246584
Missile: X:-60120.8274060759 Y:-77666.7736759912 Z:-61668.2759579164
Missile forward: X:0.292149752378464 Y:0.92841899394989 Z:-0.229534089565277
Missile up: X:-0.900918006896973 Y:0.186627805233002 Z:-0.391811907291412
Missile left: X:0.320927917957306 Y:-0.321259170770645 Z:-0.890953063964844
Pitch: 0.08892
Yaw: 0.00994
Roll: NaN

Id: 638139004394304474Speed: 100.00
Target: X:-60360.1918753061 Y:-78715.305455653 Z:-61364.0031246584
Missile: X:-60135.3745859984 Y:-77661.1717592087 Z:-61674.1698991698
Missile forward: X:0.278787314891815 Y:0.931075513362885 Z:-0.235319241881371
Missile up: X:-0.904603719711304 Y:0.172326639294624 Z:-0.389865785837173
Missile left: X:0.322442442178726 Y:-0.321560323238373 Z:-0.890297293663025
Pitch: 0.08857
Yaw: 0.00865
Roll: NaN

Id: 638139004394304474Speed: 100.00
Target: X:-60360.1918753061 Y:-78715.305455653 Z:-61364.0031246584
Missile: X:-60149.997714189 Y:-77655.8488932159 Z:-61680.1356898141
Missile forward: X:0.265424519777298 Y:0.93351149559021 Z:-0.241050884127617
Missile up: X:-0.908143162727356 Y:0.158111438155174 Z:-0.387655198574066
Missile left: X:0.323767483234406 Y:-0.32180193066597 Z:-0.889729022979736
Pitch: 0.08824
Yaw: 0.00749
Roll: NaN

Id: 638139004394304474Speed: 100.00
Target: X:-60360.1918753061 Y:-78715.305455653 Z:-61364.0031246584
Missile: X:-60164.694094849 Y:-77650.8014318552 Z:-61686.1613792521
Missile forward: X:0.252061188220978 Y:0.935729801654816 Z:-0.246726647019386
Missile up: X:-0.911532878875732 Y:0.143976643681526 Z:-0.385198980569839
Missile left: X:0.324919015169144 Y:-0.321993172168732 Z:-0.88923978805542
Pitch: 0.08792
Yaw: 0.00643
Roll: NaN

Id: 638139004394304474Speed: 100.00
Target: X:-60360.1918753061 Y:-78715.305455653 Z:-61364.0031246584
Missile: X:-60179.4605456564 Y:-77646.0257306378 Z:-61692.2359930467
Missile forward: X:0.238697692751884 Y:0.937734127044678 Z:-0.252344250679016
Missile up: X:-0.91476970911026 Y:0.129917442798615 Z:-0.382514804601669
Missile left: X:0.325913101434708 Y:-0.32214230298996 Z:-0.888822019100189
Pitch: 0.08762
Yaw: 0.00548
Roll: NaN

Id: 638139004394304474Speed: 100.00
Target: X:-60360.1918753061 Y:-78715.305455653 Z:-61364.0031246584
Missile: X:-60194.2955950621 Y:-77641.5182607453 Z:-61698.349288423
Missile forward: X:0.225334644317627 Y:0.939526379108429 Z:-0.25790148973465
Missile up: X:-0.917850255966187 Y:0.115929841995239 Z:-0.379619270563126
Missile left: X:0.326763421297073 Y:-0.322256326675415 Z:-0.888468146324158
Pitch: 0.08732
Yaw: 0.00462
Roll: NaN

Id: 638139004394304474Speed: 100.00
Target: X:-60360.1918753061 Y:-78715.305455653 Z:-61364.0031246584
Missile: X:-60209.1967970404 Y:-77637.2763533313 Z:-61704.492486332
Missile forward: X:0.211973279714584 Y:0.941110491752625 Z:-0.263396441936493
Missile up: X:-0.920771956443787 Y:0.102010570466518 Z:-0.376527011394501
Missile left: X:0.32748407125473 Y:-0.322341769933701 Z:-0.888172030448914
Pitch: 0.08703
Yaw: 0.00384
Roll: NaN

Id: 638139004394304474Speed: 100.00
Target: X:-60360.1918753061 Y:-78715.305455653 Z:-61364.0031246584
Missile: X:-60224.1614623788 Y:-77633.2965988945 Z:-61710.6555867535
Missile forward: X:0.198614820837975 Y:0.942487955093384 Z:-0.268827140331268
Missile up: X:-0.923531770706177 Y:0.0881568491458893 Z:-0.373252332210541
Missile left: X:0.328086674213409 Y:-0.322403848171234 Z:-0.887927055358887
Pitch: 0.08675
Yaw: 0.00315
Roll: NaN

Id: 638139004394304474Speed: 100.00
Target: X:-60360.1918753061 Y:-78715.305455653 Z:-61364.0031246584
Missile: X:-60239.187635732 Y:-77629.5760792773 Z:-61716.8315187585
Missile forward: X:0.185260862112045 Y:0.943661451339722 Z:-0.27419176697731
Missile up: X:-0.926127195358276 Y:0.0743665397167206 Z:-0.369807988405228
Missile left: X:0.328582733869553 Y:-0.322447389364243 Z:-0.887727856636047
Pitch: 0.08648
Yaw: 0.00252
Roll: NaN

Id: 638139004394304474Speed: 100.00
Target: X:-60360.1918753061 Y:-78715.305455653 Z:-61364.0031246584
Missile: X:-60254.2731185976 Y:-77626.1121176612 Z:-61723.0127226156
Missile forward: X:0.171913042664528 Y:0.944632947444916 Z:-0.279488563537598
Missile up: X:-0.928555965423584 Y:0.0606379210948944 Z:-0.366205811500549
Missile left: X:0.328982293605804 Y:-0.322476327419281 Z:-0.887569308280945
Pitch: 0.08621
Yaw: 0.00196
Roll: NaN

Id: 638139004394304474Speed: 100.00
Target: X:-60360.1918753061 Y:-78715.305455653 Z:-61364.0031246584
Missile: X:-60269.4152247879 Y:-77622.9022823926 Z:-61729.1923699719
Missile forward: X:0.158573180437088 Y:0.945404827594757 Z:-0.284716069698334
Missile up: X:-0.930815994739532 Y:0.0469694286584854 Z:-0.362457156181335
Missile left: X:0.329295456409454 Y:-0.322494298219681 Z:-0.887446463108063
Pitch: 0.08595
Yaw: 0.00146
Roll: NaN

Id: 638139004394304474Speed: 100.00
Target: X:-60360.1918753061 Y:-78715.305455653 Z:-61364.0031246584
Missile: X:-60284.6120022062 Y:-77619.9442638289 Z:-61735.3638755572
Missile forward: X:0.145243346691132 Y:0.945979654788971 Z:-0.289873093366623
Missile up: X:-0.932905852794647 Y:0.0333602130413055 Z:-0.358571738004684
Missile left: X:0.329531162977219 Y:-0.322504460811615 Z:-0.887355506420135
Pitch: 0.08568
Yaw: 0.00102
Roll: NaN

Id: 638139004394304474Speed: 100.00
Target: X:-60360.1918753061 Y:-78715.305455653 Z:-61364.0031246584
Missile: X:-60299.8610100124 Y:-77617.2355043497 Z:-61741.5206552338
Missile forward: X:0.131925359368324 Y:0.946358859539032 Z:-0.294957995414734
Missile up: X:-0.934823632240295 Y:0.0198094397783279 Z:-0.354559332132339
Missile left: X:0.329697281122208 Y:-0.322509109973907 Z:-0.887292146682739
Pitch: 0.08543
Yaw: 0.00062
Roll: NaN

Id: 638139004394304474Speed: 100.00
Target: X:-60360.1918753061 Y:-78715.305455653 Z:-61364.0031246584
Missile: X:-60315.1595648948 Y:-77614.7739357483 Z:-61747.6570996386
Missile forward: X:0.118621423840523 Y:0.946544349193573 Z:-0.299969702959061
Missile up: X:-0.936567962169647 Y:0.00631675124168396 Z:-0.350428760051727
Missile left: X:0.329801201820374 Y:-0.322510421276093 Z:-0.887252867221832
Pitch: 0.08517
Yaw: 0.00027
Roll: NaN

Id: 638139004394304474Speed: 100.00
Target: X:-60360.1918753061 Y:-78715.305455653 Z:-61364.0031246584
Missile: X:-60330.5062047217 Y:-77612.5576146748 Z:-61753.7685756725
Missile forward: X:0.105333775281906 Y:0.946539044380188 Z:-0.304907143115997
Missile up: X:-0.938138246536255 Y:-0.00711794197559357 Z:-0.346187591552734
Missile left: X:0.329850316047668 Y:-0.322510331869125 Z:-0.887234807014465
Pitch: 0.08492
Yaw: -0.00004
Roll: NaN

Id: 638139004394304474Speed: 100.00
Target: X:-60360.1918753061 Y:-78715.305455653 Z:-61364.0031246584
Missile: X:-60345.8977584514 Y:-77610.5844693016 Z:-61759.8499620598
Missile forward: X:0.0920644998550415 Y:0.946343839168549 Z:-0.309769243001938
Missile up: X:-0.939533174037933 Y:-0.020494669675827 Z:-0.341843843460083
Missile left: X:0.329850256443024 Y:-0.322510182857513 Z:-0.88723486661911
Pitch: 0.08467
Yaw: -0.00031
Roll: NaN

Id: 638139004394304474Speed: 100.00
Target: X:-60360.1918753061 Y:-78715.305455653 Z:-61364.0031246584
Missile: X:-60361.3320325214 Y:-77608.8525539469 Z:-61765.897357468
Missile forward: X:0.0788159444928169 Y:0.945961058139801 Z:-0.314555048942566
Missile up: X:-0.94075220823288 Y:-0.033813089132309 Z:-0.337404310703278
Missile left: X:0.329807162284851 Y:-0.322511255741119 Z:-0.887250363826752
Pitch: 0.08442
Yaw: -0.00054
Roll: NaN

Id: 638139004394304474Speed: 100.00
Target: X:-60360.1918753061 Y:-78715.305455653 Z:-61364.0031246584
Missile: X:-60376.8063457135 Y:-77607.3600446861 Z:-61771.9051505071
Missile forward: X:0.0655904561281204 Y:0.945392966270447 Z:-0.319263964891434
Missile up: X:-0.941795110702515 Y:-0.04707270860672 Z:-0.33287513256073
Missile left: X:0.329726219177246 Y:-0.322514712810516 Z:-0.887279272079468
Pitch: 0.08418
Yaw: -0.00075
Roll: NaN

Id: 638139004394304474Speed: 100.00
Target: X:-60360.1918753061 Y:-78715.305455653 Z:-61364.0031246584
Missile: X:-60392.3185040626 Y:-77606.1054813098 Z:-61777.8706602794
Missile forward: X:0.052390068769455 Y:0.944641053676605 Z:-0.323895126581192
Missile up: X:-0.94266140460968 Y:-0.0602732300758362 Z:-0.328262805938721
Missile left: X:0.329612553119659 Y:-0.322521179914474 Z:-0.887319207191467
Pitch: 0.08393
Yaw: -0.00093
Roll: NaN

Id: 638139004394304474Speed: 100.00
Target: X:-60360.1918753061 Y:-78715.305455653 Z:-61364.0031246584
Missile: X:-60407.8658263955 Y:-77605.0871614274 Z:-61783.7885192078
Missile forward: X:0.0392169654369354 Y:0.943707525730133 Z:-0.328447937965393
Missile up: X:-0.943351030349731 Y:-0.0734140127897263 Z:-0.323572516441345
Missile left: X:0.329470455646515 Y:-0.322531253099442 Z:-0.887368440628052
Pitch: 0.08369
Yaw: -0.00108
Roll: NaN

Id: 638139004394304474Speed: 100.00
Target: X:-60360.1918753061 Y:-78715.305455653 Z:-61364.0031246584
Missile: X:-60423.4456323359 Y:-77604.3033796307 Z:-61789.6570224207
Missile forward: X:0.0260734856128693 Y:0.942593693733215 Z:-0.332921624183655
Missile up: X:-0.943863868713379 Y:-0.086494043469429 Z:-0.318809628486633
Missile left: X:0.329303503036499 Y:-0.322545230388641 Z:-0.887425184249878
Pitch: 0.08345
Yaw: -0.00121
Roll: NaN

Id: 638139004394304474Speed: 100.00
Target: X:-60360.1918753061 Y:-78715.305455653 Z:-61364.0031246584
Missile: X:-60439.0549970541 Y:-77603.75280012 Z:-61795.4727544379
Missile forward: X:0.0129617601633072 Y:0.941301941871643 Z:-0.337315857410431
Missile up: X:-0.94420051574707 Y:-0.0995124876499176 Z:-0.313978344202042
Missile left: X:0.329115360975266 Y:-0.322563588619232 Z:-0.88748824596405
Pitch: 0.08321
Yaw: -0.00132
Roll: NaN

Id: 638139004394304474Speed: 100.00
Target: X:-60360.1918753061 Y:-78715.305455653 Z:-61364.0031246584
Missile: X:-60454.691728634 Y:-77603.4337180685 Z:-61801.2323001069
Missile forward: X:-0.000115826725959778 Y:0.939833760261536 Z:-0.341630280017853
Missile up: X:-0.944360971450806 Y:-0.11246845126152 Z:-0.309083819389343
Missile left: X:0.328909635543823 Y:-0.322586596012115 Z:-0.887555956840515
Pitch: 0.08298
Yaw: -0.00142
Roll: NaN

Id: 638139004394304474Speed: 100.00
Target: X:-60360.1918753061 Y:-78715.305455653 Z:-61364.0031246584
Missile: X:-60470.3529019329 Y:-77603.3447987717 Z:-61806.9329758328
Missile forward: X:-0.0131573975086212 Y:0.938191950321198 Z:-0.345864683389664
Missile up: X:-0.944346249103546 Y:-0.125361025333405 Z:-0.304129362106323
Missile left: X:0.328689515590668 Y:-0.32261449098587 Z:-0.88762766122818
Pitch: 0.08274
Yaw: -0.00149
Roll: NaN

Id: 638139004394304474Speed: 100.00
Target: X:-60360.1918753061 Y:-78715.305455653 Z:-61364.0031246584
Missile: X:-60486.0358372602 Y:-77603.4847007971 Z:-61812.5720994514
Missile forward: X:-0.0261607468128204 Y:0.936377227306366 Z:-0.350018382072449
Missile up: X:-0.944156527519226 Y:-0.138188868761063 Z:-0.299118995666504
Missile left: X:0.328456699848175 Y:-0.322647005319595 Z:-0.887701988220215
Pitch: 0.08251
Yaw: -0.00155
Roll: NaN

Id: 638139004394304474Speed: 100.00
Target: X:-60360.1918753061 Y:-78715.305455653 Z:-61364.0031246584
Missile: X:-60501.7385868553 Y:-77603.8518433403 Z:-61818.1474760067
Missile forward: X:-0.0391235649585724 Y:0.934391796588898 Z:-0.354091167449951
Missile up: X:-0.943792283535004 Y:-0.150951087474823 Z:-0.294057160615921
Missile left: X:0.328214794397354 Y:-0.322684019804001 Z:-0.887777864933014
Pitch: 0.08228
Yaw: -0.00160
Roll: NaN

Id: 638139004394304474Speed: 100.00
Target: X:-60360.1918753061 Y:-78715.305455653 Z:-61364.0031246584
Missile: X:-60517.4572498325 Y:-77604.444889335 Z:-61823.6566650611
Missile forward: X:-0.0520441085100174 Y:0.93223774433136 Z:-0.358083009719849
Missile up: X:-0.943254947662354 Y:-0.163646399974823 Z:-0.288945853710175
Missile left: X:0.327964961528778 Y:-0.322725713253021 Z:-0.887855052947998
Pitch: 0.08205
Yaw: -0.00163
Roll: NaN

Id: 638139004394304474Speed: 100.00
Target: X:-60360.1918753061 Y:-78715.305455653 Z:-61364.0031246584
Missile: X:-60533.1893907908 Y:-77605.2629881334 Z:-61829.097960059
Missile forward: X:-0.0649200230836868 Y:0.929916620254517 Z:-0.361993581056595
Missile up: X:-0.942544937133789 Y:-0.176273554563522 Z:-0.283789098262787
Missile left: X:0.32770973443985 Y:-0.322771728038788 Z:-0.887932419776917
Pitch: 0.08182
Yaw: -0.00166
Roll: NaN

Id: 638139004394304474Speed: 100.00
Target: X:-60360.1918753061 Y:-78715.305455653 Z:-61364.0031246584
Missile: X:-60548.9328181568 Y:-77606.3043151628 Z:-61834.469165076
Missile forward: X:-0.0777493417263031 Y:0.927430808544159 Z:-0.365822821855545
Missile up: X:-0.94166362285614 Y:-0.188831299543381 Z:-0.278589397668839
Missile left: X:0.327450901269913 Y:-0.322821974754333 Z:-0.888009786605835
Pitch: 0.08159
Yaw: -0.00167
Roll: NaN

Id: 638139004394304474Speed: 100.00
Target: X:-60360.1918753061 Y:-78715.305455653 Z:-61364.0031246584
Missile: X:-60564.6841195497 Y:-77607.5678973552 Z:-61839.7680843216
Missile forward: X:-0.0905301570892334 Y:0.924781739711761 Z:-0.369570553302765
Missile up: X:-0.940611898899078 Y:-0.201318338513374 Z:-0.273349404335022
Missile left: X:0.32718962430954 Y:-0.322876155376434 Z:-0.888086378574371
Pitch: 0.08137
Yaw: -0.00168
Roll: NaN

Id: 638139004394304474Speed: 100.00
Target: X:-60360.1918753061 Y:-78715.305455653 Z:-61364.0031246584
Missile: X:-60580.4408595088 Y:-77609.0521528404 Z:-61844.9937422615
Missile forward: X:-0.103260412812233 Y:0.921971321105957 Z:-0.373236835002899
Missile up: X:-0.939390957355499 Y:-0.213733434677124 Z:-0.26807177066803
Missile left: X:0.326927542686462 Y:-0.322934150695801 Z:-0.888161957263947
Pitch: 0.08115
Yaw: -0.00168
Roll: NaN

Id: 638139004394304474Speed: 100.00
